Name : OutputArray
	Details:0x2009fbd8
	Default:0x2009fbd8
	Decimal:537525208
	Hex:0x2009fbd8
	Binary:100000000010011111101111011000
	Octal:04002375730

Name : kstate
	Details:0x2009ffa0
	Default:0x2009ffa0
	Decimal:537526176
	Hex:0x2009ffa0
	Binary:100000000010011111111110100000
	Octal:04002377640

Name : diffArray
	Details:{-1.8305254, -0.552729607, 0.0161304474, -0.0179691315, -0.344032288, 0.0119905472, 0.233680725, -0.00504398346, -0.0263662338, -0.189256668, -0.14695549, 0.292572975, 0.0599527359, -0.25481987, 0.18129921, -0.146389008, 0.0161514282, -0.0752439499, 0.247860909, 0.0576171875, -0.277394295, -0.0970010757, 0.0566682816, 0.0891618729, -0.088684082, -0.0907011032, 0.00264453888, 0.0718097687, 0.0892477036, -0.14238739, 0.0432939529, 0.261436462, 0.0881910324, -0.177968025, 0.132424355, -0.22960186, 0.0255022049, 0.0704908371, 0.11286068, -0.079202652, -0.0252723694, 0.115296364, 0.0253992081, 0.0913600922, -0.271374702, 0.194322586, -0.235336304, 0.0895051956, -0.0730571747, -0.0278539658, 0.0979547501, -0.132535934, -0.0222501755, -0.0920038223, 0.14054203, -0.101844788, 0.231231689, 0.020614624, -0.0970373154, -0.0725193024, -0.0614843369, 0.114817619, 0.116698265, -0.111557007, 0.0963659286, 0.0151672363, -0.144387245, 0.0636472702, 0.000284194946, -0.0432443619, 0.125136375, 0.0702705383, 0.0776519775, -0.192047119, -0.0848026276, 0.0803194046, -0.129223824, -0.0989685059, -0.0521497726, 0.109092712, 0.251501083, -0.232042313, -8.58306885e-005, 0.00175476074, -0.0472888947, 0.0238723755, -0.0448961258, 0.165164948, 0.0347318649, 0.18679142, 0.00815105438, -0.087272644, 0.0394229889, 0.0662231445, -0.0474967957, -0.285171509, -0.43533802, -0.228853226, 0.256482482, 0.232199296, 5.32728195}
	Default:0x2009f9f0
	Decimal:537524720
	Hex:0x2009f9f0
	Binary:100000000010011111100111110000
	Octal:04002374760

Name : avgDiff
	Details:-0.024999015
	Default:-0.024999015
	Decimal:0
	Hex:0x0
	Binary:0
	Octal:0

Name : stdDiff
	Details:0.232199296
	Default:0.232199296
	Decimal:0
	Hex:0x0
	Binary:0
	Octal:0

Name : corrCoef
	Details:0.662164569
	Default:0.662164569
	Decimal:0
	Hex:0x0
	Binary:0
	Octal:0

Name : convArray
	Details:{90.8680725, 188.312805, 280.000122, 372.00116, 477.552063, 580.243591, 673.081848, 767.808594, 864.481628, 968.195312, 1075.73999, 1170.61475, 1265.15259, 1371.21558, 1468.55005, 1571.05615, 1672.38135, 1778.00134, 1872.56262, 1966.58154, 2072.36841, 2179.71704, 2283.76514, 2384.46411, 2490.13257, 2599.53394, 2707.01978, 2810.60596, 2911.93286, 3020.66675, 3127.27441, 3221.49609, 3314.30688, 3416.52588, 3512.29761, 3616.40552, 3718.34863, 3818.66333, 3914.07153, 4013.93652, 4114.04248, 4208.70605, 4304.10547, 4395.88867, 4498.96729, 4593.25537, 4697.24609, 4795.06445, 4897.97217, 5001.44189, 5101.17578, 5205.04199, 5309.52881, 5417.85449, 5519.53027, 5626.40137, 5724.1001, 5822.06738, 5923.00635, 6028.41211, 6133.78369, 6235.35254, 6332.54395, 6435.10986, 6533.79004, 6631.45801, 6734.65723, 6834.57227, 6936.88232, 7038.99658, 7136.78467, 7231.29199, 7324.50879, 7426.74561, 7529.5918, 7629.18213, 7733.75879, 7841.38721, 7950.32227, 8055.29395, 8149.69727, 8256.43848, 8361.33984, 8465.97168, 8571.44727, 8675.98926, 8784.28125, 8883.99316, 8984.80859, 9076.59766, 9171.31055, 9268.41699, 9363.35742, 9456.16309, 9552.01367, 9658.81934, 9763.65625, 9861.06543, 9955.83887, 10063.1582, 10156.9092, 10065.167, 9967.58008, 9877.95117, 9786.16504, 9679.5166, 9577.64355, 9484.41309, 9389.54199, 9292.69824, 9188.18652, 9080.7373, 8987.41992, 8890.9668, 8784.26758, 8687.62402, 8584.01562, 8481.8584, 8376.33984, 8282.48242, 8189.19141, 8083.7627, 7975.4668, 7871.04004, 7770.00732, 7665.06885, 7555.86816, 7448.11133, 7344.33447, 7243.09229, 7135.0415, 7029.93799, 6936.26123, 6841.30908, 6740.58594, 6645.73584, 6540.71826, 6438.14209, 6337.89941, 6242.90039, 6142.30811, 6042.51318, 5947.22705, 5852.85693, 5760.86035, 5657.41748, 5563.83398, 5459.50098, 5360.4043, 5257.30371, 5155.09961, 5056.37012, 4951.11865, 4845.60791, 4738.35059, 4636.5415, 4528.67529, 4431.90234, 4333.99365, 4232.41602, 4128.18994, 4021.87793, 3921.60034, 3823.93848, 3721.07544, 3623.16846, 3523.88208, 3419.4519, 3319.68115, 3219.28833, 3116.26855, 3018.83423, 2924.45386, 2831.88647, 2729.68823, 2625.95947, 2527.30566, 2422.73486, 2314.74268, 2205.20996, 2101.85889, 2007.11694, 1900.13562, 1795.38318, 1690.30554, 1583.79626, 1478.6687, 1371.77905, 1271.42761, 1171.54749, 1079.6416, 985.782104, 887.747192, 792.291931, 699.889221, 604.313354, 497.099091, 391.736786, 294.407593, 200.101624...}
	Default:0x2009f6c8
	Decimal:537523912
	Hex:0x2009f6c8
	Binary:100000000010011111011011001000
	Octal:04002373310

Name : corrArray
	Details:{102.937141, 103.234634, 93.1105652, 95.7675781, 107.52359, 103.227104, 92.7148743, 94.3717804, 96.0430069, 101.286804, 101.730064, 92.9997253, 97.2515259, 105.121033, 100.367081, 105.458549, 103.910744, 105.319679, 97.9389801, 98.9303741, 103.026733, 107.03949, 106.318657, 103.628838, 105.302803, 104.629128, 105.003021, 101.729095, 96.9966736, 102.782387, 101.441711, 97.0321884, 96.6674118, 102.235802, 97.9621429, 102.975677, 100.28624, 100.255249, 96.2322464, 101.299706, 103.029037, 98.7005463, 98.0548553, 94.406868, 102.698448, 98.512413, 105.16835, 102.647896, 104.048935, 103.681473, 98.6629639, 104.741447, 103.526001, 104.495026, 101.356186, 101.509674, 97.6745377, 95.1141129, 99.2580948, 100.585991, 103.383469, 99.3572464, 96.2044144, 102.082764, 99.5644073, 100.546097, 100.718941, 99.812088, 97.550148, 100.101807, 100.584091, 100.66037, 97.0736694, 104.417198, 105.910179, 102.889114, 105.721741, 105.551369, 107.444313, 104.916763, 97.7334976, 101.776764, 100.476082, 104.532021, 104.554749, 103.713783, 102.685684, 100.872673, 97.5127716, 93.9991074, 100.220116, 100.305595, 95.3990173, 93.6771545, 95.4557343, 106.236168, 104.272858, 93.9203644, 92.0132446, 100.126587, 82.9722214, 9484.41309, 9389.54199, 9292.69824, 9188.18652, 9080.7373, 8987.41992, 8890.9668, 8784.26758, 8687.62402, 8584.01562, 8481.8584, 8376.33984, 8282.48242, 8189.19141, 8083.7627, 7975.4668, 7871.04004, 7770.00732, 7665.06885, 7555.86816, 7448.11133, 7344.33447, 7243.09229, 7135.0415, 7029.93799, 6936.26123, 6841.30908, 6740.58594, 6645.73584, 6540.71826, 6438.14209, 6337.89941, 6242.90039, 6142.30811, 6042.51318, 5947.22705, 5852.85693, 5760.86035, 5657.41748, 5563.83398, 5459.50098, 5360.4043, 5257.30371, 5155.09961, 5056.37012, 4951.11865, 4845.60791, 4738.35059, 4636.5415, 4528.67529, 4431.90234, 4333.99365, 4232.41602, 4128.18994, 4021.87793, 3921.60034, 3823.93848, 3721.07544, 3623.16846, 3523.88208, 3419.4519, 3319.68115, 3219.28833, 3116.26855, 3018.83423, 2924.45386, 2831.88647, 2729.68823, 2625.95947, 2527.30566, 2422.73486, 2314.74268, 2205.20996, 2101.85889, 2007.11694, 1900.13562, 1795.38318, 1690.30554, 1583.79626, 1478.6687, 1371.77905, 1271.42761, 1171.54749, 1079.6416, 985.782104, 887.747192, 792.291931, 699.889221, 604.313354, 497.099091, 391.736786, 294.407593, 200.101624, 93.992569, 200.101624, 102.937141, 103.234634, 93.1105652, 95.7675781...}
	Default:0x2009f3a0
	Decimal:537523104
	Hex:0x2009f3a0
	Binary:100000000010011111001110100000
	Octal:04002371640

==================================================================================
==================================================================================
==================================================================================
Name : avgDiff
	Details:-0.024999015
	Default:-0.024999015
	Decimal:0
	Hex:0x0
	Binary:0
	Octal:0

Name : corrArray
	Details:{102.937141, 103.234634, 93.1105652, 95.7675781, 107.52359, 103.227104, 92.7148743, 94.3717804, 96.0430069, 101.286804, 101.730064, 92.9997253, 97.2515259, 105.121033, 100.367081, 105.458549, 103.910744, 105.319679, 97.9389801, 98.9303741, 103.026733, 107.03949, 106.318657, 103.628838, 105.302803, 104.629128, 105.003021, 101.729095, 96.9966736, 102.782387, 101.441711, 97.0321884, 96.6674118, 102.235802, 97.9621429, 102.975677, 100.28624, 100.255249, 96.2322464, 101.299706, 103.029037, 98.7005463, 98.0548553, 94.406868, 102.698448, 98.512413, 105.16835, 102.647896, 104.048935, 103.681473, 98.6629639, 104.741447, 103.526001, 104.495026, 101.356186, 101.509674, 97.6745377, 95.1141129, 99.2580948, 100.585991, 103.383469, 99.3572464, 96.2044144, 102.082764, 99.5644073, 100.546097, 100.718941, 99.812088, 97.550148, 100.101807, 100.584091, 100.66037, 97.0736694, 104.417198, 105.910179, 102.889114, 105.721741, 105.551369, 107.444313, 104.916763, 97.7334976, 101.776764, 100.476082, 104.532021, 104.554749, 103.713783, 102.685684, 100.872673, 97.5127716, 93.9991074, 100.220116, 100.305595, 95.3990173, 93.6771545, 95.4557343, 106.236168, 104.272858, 93.9203644, 92.0132446, 100.126587, 82.9722214, 9658.81934, 9763.65625, 9861.06543, 9955.83887, 10063.1582, 10156.9092, 10065.167, 9967.58008, 9877.95117, 9786.16504, 9679.5166, 9577.64355, 9484.41309, 9389.54199, 9292.69824, 9188.18652, 9080.7373, 8987.41992, 8890.9668, 8784.26758, 8687.62402, 8584.01562, 8481.8584, 8376.33984, 8282.48242, 8189.19141, 8083.7627, 7975.4668, 7871.04004, 7770.00732, 7665.06885, 7555.86816, 7448.11133, 7344.33447, 7243.09229, 7135.0415, 7029.93799, 6936.26123, 6841.30908, 6740.58594, 6645.73584, 6540.71826, 6438.14209, 6337.89941, 6242.90039, 6142.30811, 6042.51318, 5947.22705, 5852.85693, 5760.86035, 5657.41748, 5563.83398, 5459.50098, 5360.4043, 5257.30371, 5155.09961, 5056.37012, 4951.11865, 4845.60791, 4738.35059, 4636.5415, 4528.67529, 4431.90234, 4333.99365, 4232.41602, 4128.18994, 4021.87793, 3921.60034, 3823.93848, 3721.07544, 3623.16846, 3523.88208, 3419.4519, 3319.68115, 3219.28833, 3116.26855, 3018.83423, 2924.45386, 2831.88647, 2729.68823, 2625.95947, 2527.30566, 2422.73486, 2314.74268, 2205.20996, 2101.85889, 2007.11694, 1900.13562, 1795.38318, 1690.30554, 1583.79626, 1478.6687, 1371.77905, 1271.42761, 1171.54749, 1079.6416, 985.782104, 887.747192, 792.291931...}
	Default:0x2009f6b0
	Decimal:537523888
	Hex:0x2009f6b0
	Binary:100000000010011111011010110000
	Octal:04002373260

Name : stdDiff
	Details:0.232199296
	Default:0.232199296
	Decimal:0
	Hex:0x0
	Binary:0
	Octal:0

Name : correlation
	Details:0.676208973
	Default:0.676208973
	Decimal:0
	Hex:0x0
	Binary:0
	Octal:0

Name : convArray
	Details:{90.8680725, 188.312805, 280.000122, 372.00116, 477.552063, 580.243591, 673.081848, 767.808594, 864.481628, 968.195312, 1075.73999, 1170.61475, 1265.15259, 1371.21558, 1468.55005, 1571.05615, 1672.38135, 1778.00134, 1872.56262, 1966.58154, 2072.36841, 2179.71704, 2283.76514, 2384.46411, 2490.13257, 2599.53394, 2707.01978, 2810.60596, 2911.93286, 3020.66675, 3127.27441, 3221.49609, 3314.30688, 3416.52588, 3512.29761, 3616.40552, 3718.34863, 3818.66333, 3914.07153, 4013.93652, 4114.04248, 4208.70605, 4304.10547, 4395.88867, 4498.96729, 4593.25537, 4697.24609, 4795.06445, 4897.97217, 5001.44189, 5101.17578, 5205.04199, 5309.52881, 5417.85449, 5519.53027, 5626.40137, 5724.1001, 5822.06738, 5923.00635, 6028.41211, 6133.78369, 6235.35254, 6332.54395, 6435.10986, 6533.79004, 6631.45801, 6734.65723, 6834.57227, 6936.88232, 7038.99658, 7136.78467, 7231.29199, 7324.50879, 7426.74561, 7529.5918, 7629.18213, 7733.75879, 7841.38721, 7950.32227, 8055.29395, 8149.69727, 8256.43848, 8361.33984, 8465.97168, 8571.44727, 8675.98926, 8784.28125, 8883.99316, 8984.80859, 9076.59766, 9171.31055, 9268.41699, 9363.35742, 9456.16309, 9552.01367, 9658.81934, 9763.65625, 9861.06543, 9955.83887, 10063.1582, 10156.9092, 10065.167, 9967.58008, 9877.95117, 9786.16504, 9679.5166, 9577.64355, 9484.41309, 9389.54199, 9292.69824, 9188.18652, 9080.7373, 8987.41992, 8890.9668, 8784.26758, 8687.62402, 8584.01562, 8481.8584, 8376.33984, 8282.48242, 8189.19141, 8083.7627, 7975.4668, 7871.04004, 7770.00732, 7665.06885, 7555.86816, 7448.11133, 7344.33447, 7243.09229, 7135.0415, 7029.93799, 6936.26123, 6841.30908, 6740.58594, 6645.73584, 6540.71826, 6438.14209, 6337.89941, 6242.90039, 6142.30811, 6042.51318, 5947.22705, 5852.85693, 5760.86035, 5657.41748, 5563.83398, 5459.50098, 5360.4043, 5257.30371, 5155.09961, 5056.37012, 4951.11865, 4845.60791, 4738.35059, 4636.5415, 4528.67529, 4431.90234, 4333.99365, 4232.41602, 4128.18994, 4021.87793, 3921.60034, 3823.93848, 3721.07544, 3623.16846, 3523.88208, 3419.4519, 3319.68115, 3219.28833, 3116.26855, 3018.83423, 2924.45386, 2831.88647, 2729.68823, 2625.95947, 2527.30566, 2422.73486, 2314.74268, 2205.20996, 2101.85889, 2007.11694, 1900.13562, 1795.38318, 1690.30554, 1583.79626, 1478.6687, 1371.77905, 1271.42761, 1171.54749, 1079.6416, 985.782104, 887.747192, 792.291931, 699.889221, 604.313354, 497.099091, 391.736786, 294.407593, 200.101624...}
	Default:0x2009f388
	Decimal:537523080
	Hex:0x2009f388
	Binary:100000000010011111001110001000
	Octal:04002371610

==================================================================================
==================================================================================
==================================================================================
Name : stdDiff
	Details:0.233357385
	Default:0.233357385
	Decimal:0
	Hex:0x0
	Binary:0
	Octal:0

Name : avgDiff
	Details:-0.024999015
	Default:-0.024999015
	Decimal:0
	Hex:0x0
	Binary:0
	Octal:0

Name : diffArray
	Details:{-1.8305254, -0.552729607, 0.0161304474, -0.0179691315, -0.344032288, 0.0119905472, 0.233680725, -0.00504398346, -0.0263662338, -0.189256668, -0.14695549, 0.292572975, 0.0599527359, -0.25481987, 0.18129921, -0.146389008, 0.0161514282, -0.0752439499, 0.247860909, 0.0576171875, -0.277394295, -0.0970010757, 0.0566682816, 0.0891618729, -0.088684082, -0.0907011032, 0.00264453888, 0.0718097687, 0.0892477036, -0.14238739, 0.0432939529, 0.261436462, 0.0881910324, -0.177968025, 0.132424355, -0.22960186, 0.0255022049, 0.0704908371, 0.11286068, -0.079202652, -0.0252723694, 0.115296364, 0.0253992081, 0.0913600922, -0.271374702, 0.194322586, -0.235336304, 0.0895051956, -0.0730571747, -0.0278539658, 0.0979547501, -0.132535934, -0.0222501755, -0.0920038223, 0.14054203, -0.101844788, 0.231231689, 0.020614624, -0.0970373154, -0.0725193024, -0.0614843369, 0.114817619, 0.116698265, -0.111557007, 0.0963659286, 0.0151672363, -0.144387245, 0.0636472702, 0.000284194946, -0.0432443619, 0.125136375, 0.0702705383, 0.0776519775, -0.192047119, -0.0848026276, 0.0803194046, -0.129223824, -0.0989685059, -0.0521497726, 0.109092712, 0.251501083, -0.232042313, -8.58306885e-005, 0.00175476074, -0.0472888947, 0.0238723755, -0.0448961258, 0.165164948, 0.0347318649, 0.18679142, 0.00815105438, -0.087272644, 0.0394229889, 0.0662231445, -0.0474967957, -0.285171509, -0.0273141861, 0.174020767, 0.131304741, -0.263197899, 0.231483459}
	Default:0x2009f9d8
	Decimal:537524696
	Hex:0x2009f9d8
	Binary:100000000010011111100111011000
	Octal:04002374730

Name : corrArray
	Details:{102.937141, 206.305328, 299.233521, 394.939667, 502.462524, 605.915161, 697.987, 792.006348, 888.593506, 990.077759, 1091.5481, 1184.30762, 1281.73352, 1387.31689, 1488.1416, 1592.64514, 1696.57141, 1801.91882, 1900.31946, 1998.88684, 2101.66089, 2208.96167, 2315.32349, 2418.62036, 2523.69458, 2628.67163, 2733.75537, 2835.24854, 2931.92822, 3034.90234, 3136.60303, 3234.06836, 3330.17847, 3432.15845, 3530.96924, 3633.32422, 3733.86353, 3834.09644, 3930.89648, 4032.47266, 4135.43896, 4234.2334, 4332.09229, 4426.73779, 4529.45605, 4627.9585, 4732.60889, 4835.95605, 4939.43018, 5043.39404, 5141.78418, 5246.61523, 5350.03418, 5453.73828, 5555.229, 5656.44092, 5754.80029, 5849.4248, 5948.90381, 6049.0835, 6153.17432, 6252.58252, 6348.75, 6450.70703, 6550.56201, 6651.14404, 6751.75635, 6852.13281, 6949.51221, 7050.3833, 7150.93457, 7251.63232, 7348.21875, 7452.81543, 7559.32178, 7661.99414, 7766.82812, 7872.20996, 7979.35889, 8083.74365, 8182.41064, 8283.38477, 8384.11035, 8488.46289, 8593.09375, 8696.4043, 8798.91406, 8900.42285, 8997.54785, 9092.0957, 9192.25488, 9293.42871, 9388.15332, 9481.62207, 9577.07324, 9684.53516, 9788.79102, 9881.81934, 9974.07422, 10076.2959, 10161.5312, 10053.6885, 9950.61426, 9857.72754, 9761.51953, 9654.25293, 9550.75098, 9458.19434, 9363.74219, 9267.22559, 9165.06055, 9064.79395, 8970.84863, 8873.10059, 8768.33691, 8667.56836, 8562.72461, 8458.65332, 8354.53809, 8255.88477, 8156.33057, 8052.58936, 7946.89502, 7840.82129, 7736.93164, 7632.2168, 7527.5752, 7422.26172, 7320.87354, 7223.97412, 7121.62842, 7020.89404, 6922.79639, 6825.66553, 6723.42334, 6624.74902, 6522.22314, 6422.06738, 6322.16943, 6225.40771, 6124.07764, 6021.09082, 5922.88672, 5824.56348, 5729.51855, 5627.07666, 5527.93213, 5423.44678, 5321.05273, 5216.88184, 5113.35889, 5014.24756, 4909.35742, 4806.17188, 4701.72412, 4600.73779, 4500.07373, 4401.73877, 4306.04297, 4206.875, 4106.17383, 4003.30713, 3903.63232, 3806.59106, 3705.20557, 3605.25366, 3504.66284, 3403.60352, 3304.32812, 3207.08862, 3106.95312, 3006.26685, 2905.50635, 2807.83228, 2703.479, 2597.56128, 2493.7395, 2388.33154, 2283.19971, 2176.26782, 2071.68506, 1973.13892, 1871.78809, 1770.73743, 1666.20911, 1562.13513, 1459.11353, 1356.42297, 1255.29138, 1158.55383, 1064.49146, 964.035156, 863.630371, 767.992798, 674.356018, 578.292908, 472.268372, 368.808899, 275.068329, 182.298065...}
	Default:0x2009f6b0
	Decimal:537523888
	Hex:0x2009f6b0
	Binary:100000000010011111011010110000
	Octal:04002373260

Name : convArray
	Details:{90.8680725, 188.312805, 280.000122, 372.00116, 477.552063, 580.243591, 673.081848, 767.808594, 864.481628, 968.195312, 1075.73999, 1170.61475, 1265.15259, 1371.21558, 1468.55005, 1571.05615, 1672.38135, 1778.00134, 1872.56262, 1966.58154, 2072.36841, 2179.71704, 2283.76514, 2384.46411, 2490.13257, 2599.53394, 2707.01978, 2810.60596, 2911.93286, 3020.66675, 3127.27441, 3221.49609, 3314.30688, 3416.52588, 3512.29761, 3616.40552, 3718.34863, 3818.66333, 3914.07153, 4013.93652, 4114.04248, 4208.70605, 4304.10547, 4395.88867, 4498.96729, 4593.25537, 4697.24609, 4795.06445, 4897.97217, 5001.44189, 5101.17578, 5205.04199, 5309.52881, 5417.85449, 5519.53027, 5626.40137, 5724.1001, 5822.06738, 5923.00635, 6028.41211, 6133.78369, 6235.35254, 6332.54395, 6435.10986, 6533.79004, 6631.45801, 6734.65723, 6834.57227, 6936.88232, 7038.99658, 7136.78467, 7231.29199, 7324.50879, 7426.74561, 7529.5918, 7629.18213, 7733.75879, 7841.38721, 7950.32227, 8055.29395, 8149.69727, 8256.43848, 8361.33984, 8465.97168, 8571.44727, 8675.98926, 8784.28125, 8883.99316, 8984.80859, 9076.59766, 9171.31055, 9268.41699, 9363.35742, 9456.16309, 9552.01367, 9658.81934, 9763.65625, 9861.06543, 9955.83887, 10063.1582, 10156.9092, 10065.167, 9967.58008, 9877.95117, 9786.16504, 9679.5166, 9577.64355, 9484.41309, 9389.54199, 9292.69824, 9188.18652, 9080.7373, 8987.41992, 8890.9668, 8784.26758, 8687.62402, 8584.01562, 8481.8584, 8376.33984, 8282.48242, 8189.19141, 8083.7627, 7975.4668, 7871.04004, 7770.00732, 7665.06885, 7555.86816, 7448.11133, 7344.33447, 7243.09229, 7135.0415, 7029.93799, 6936.26123, 6841.30908, 6740.58594, 6645.73584, 6540.71826, 6438.14209, 6337.89941, 6242.90039, 6142.30811, 6042.51318, 5947.22705, 5852.85693, 5760.86035, 5657.41748, 5563.83398, 5459.50098, 5360.4043, 5257.30371, 5155.09961, 5056.37012, 4951.11865, 4845.60791, 4738.35059, 4636.5415, 4528.67529, 4431.90234, 4333.99365, 4232.41602, 4128.18994, 4021.87793, 3921.60034, 3823.93848, 3721.07544, 3623.16846, 3523.88208, 3419.4519, 3319.68115, 3219.28833, 3116.26855, 3018.83423, 2924.45386, 2831.88647, 2729.68823, 2625.95947, 2527.30566, 2422.73486, 2314.74268, 2205.20996, 2101.85889, 2007.11694, 1900.13562, 1795.38318, 1690.30554, 1583.79626, 1478.6687, 1371.77905, 1271.42761, 1171.54749, 1079.6416, 985.782104, 887.747192, 792.291931, 699.889221, 604.313354, 497.099091, 391.736786, 294.407593, 200.101624...}
	Default:0x2009f388
	Decimal:537523080
	Hex:0x2009f388
	Binary:100000000010011111001110001000
	Octal:04002371610